***Corr***
{'MSDE': [0.008118285960367852,
          0.007178864344021756,
          0.006568098003349757,
          0.008255961173484193,
          0.007538731717090676,
          0.00767911709023574,
          0.008958886377703522,
          0.008277385702496483,
          0.006715309589893052,
          0.009312658868645029,
          0.008767372230226644,
          0.00876469298929587,
          0.008354551576283956,
          0.007425325792691532,
          0.009281187684274085,
          0.009297150453720865,
          0.007876910653318924,
          0.00799235575071575,
          0.010355505576006827,
          0.009090501339717044,
          0.007599783201757766,
          0.009356197750651019,
          0.005995382238268831,
          0.00629857495187895,
          0.005853868048741309,
          0.011186849177261158,
          0.008865229749626223,
          0.009184141615112643,
          0.00867385172352959,
          0.008168153724432903,
          0.0074903832195718735,
          0.008403484868888821,
          0.010377515785420385,
          0.0074839827316393465,
          0.007847344070662409,
          0.00819397272773933,
          0.009886490478652218,
          0.007817088838607562,
          0.008188938230766107,
          0.007987594812143547,
          0.008724051898964183,
          0.0051709590683204154,
          0.007761421486079316,
          0.009008031644217944,
          0.009570797344425364,
          0.00513909352614663,
          0.006217985310292372,
          0.00869644431704214,
          0.009370042322756594,
          0.0076100047295448656],
 'accuracy': [0.9911111111111112,
              0.9911111111111112,
              0.9922222222222222,
              0.9877777777777778,
              0.9888888888888889,
              0.99,
              0.9888888888888889,
              0.9888888888888889,
              0.9922222222222222,
              0.9877777777777778,
              0.9877777777777778,
              0.9911111111111112,
              0.9888888888888889,
              0.9888888888888889,
              0.9866666666666667,
              0.9866666666666667,
              0.9888888888888889,
              0.99,
              0.9855555555555555,
              0.9866666666666667,
              0.99,
              0.9877777777777778,
              0.9944444444444445,
              0.9911111111111112,
              0.9922222222222222,
              0.98,
              0.9844444444444445,
              0.9855555555555555,
              0.9866666666666667,
              0.9888888888888889,
              0.99,
              0.9866666666666667,
              0.9833333333333333,
              0.99,
              0.99,
              0.9888888888888889,
              0.9866666666666667,
              0.99,
              0.99,
              0.9877777777777778,
              0.9866666666666667,
              0.9955555555555555,
              0.9911111111111112,
              0.9855555555555555,
              0.9877777777777778,
              0.9944444444444445,
              0.9911111111111112,
              0.9877777777777778,
              0.9866666666666667,
              0.9888888888888889],
 'mean_acc': 0.9887999999999999,
 'mean_msde': 0.008158730249333628}
***Ind***
{'MSDE': [0.007758124193685833,
          0.009107342160523663,
          0.004756426321702293,
          0.00956349616509311,
          0.009793807021308368,
          0.00820688222386453,
          0.011105857392059807,
          0.011143668420448458,
          0.0070293513151720236,
          0.011285130400158572,
          0.011477652128748895,
          0.008568113132337974,
          0.010010254074196914,
          0.009843222026054551,
          0.012246602628462434,
          0.013324486169117418,
          0.010183047735455102,
          0.007961703091813684,
          0.01421568366921569,
          0.010618766348698204,
          0.011670900321890434,
          0.00988048546259899,
          0.005247509217607338,
          0.006724915021755338,
          0.007866276779187087,
          0.017659179230914132,
          0.011196529973079,
          0.012542565253446637,
          0.010094463940718187,
          0.011620299044377481,
          0.009561278747901676,
          0.009897384887719064,
          0.013323208495159196,
          0.008432655682047395,
          0.008844675718342888,
          0.01109763144667983,
          0.013566734351203365,
          0.007572322040019756,
          0.00961456671858287,
          0.008883444912976466,
          0.010532794649837576,
          0.005504532028655817,
          0.00846390311470839,
          0.01294879642581862,
          0.013951146154432199,
          0.0071529464315286066,
          0.008572346917517824,
          0.008457907674623259,
          0.01025407442074988,
          0.007880692272435144],
 'accuracy': [0.9922222222222222,
              0.99,
              0.9944444444444445,
              0.99,
              0.99,
              0.9911111111111112,
              0.9888888888888889,
              0.9888888888888889,
              0.9922222222222222,
              0.9877777777777778,
              0.9877777777777778,
              0.9911111111111112,
              0.99,
              0.99,
              0.9866666666666667,
              0.9866666666666667,
              0.99,
              0.9922222222222222,
              0.9855555555555555,
              0.9877777777777778,
              0.9866666666666667,
              0.99,
              0.9933333333333333,
              0.9922222222222222,
              0.99,
              0.9822222222222222,
              0.9888888888888889,
              0.9844444444444445,
              0.99,
              0.9877777777777778,
              0.99,
              0.99,
              0.9866666666666667,
              0.9911111111111112,
              0.9911111111111112,
              0.9888888888888889,
              0.9855555555555555,
              0.9922222222222222,
              0.99,
              0.9911111111111112,
              0.9888888888888889,
              0.9944444444444445,
              0.99,
              0.9855555555555555,
              0.9855555555555555,
              0.9922222222222222,
              0.9911111111111112,
              0.99,
              0.9888888888888889,
              0.9922222222222222],
 'mean_acc': 0.9894888888888889,
 'mean_msde': 0.009944315679092642}
"Experiment 2: hard field" 
***Corr***
{'MSDE': [0.019620048425377613,
          0.020083648123187966,
          0.01638529113634205,
          0.018734852579645165,
          0.017805032760556866,
          0.016078617760198942,
          0.017357071374716433,
          0.01780383053060618,
          0.01677473970345512,
          0.016946731696560545,
          0.018949853629582014,
          0.017062634884880537,
          0.018873512550497355,
          0.0200048058274361,
          0.019645678949943957,
          0.018988465592449405,
          0.018320553791116946,
          0.01938527629418554,
          0.01981727488088556,
          0.018427332943059916,
          0.0183538684979398,
          0.019234693829385613,
          0.014605604212179995,
          0.016675790481123807,
          0.017743232316560734,
          0.01696962564815433,
          0.017287443843752883,
          0.01959841371385769,
          0.01671400070032933,
          0.01651118342355583,
          0.01964424686576052,
          0.015817128890265528,
          0.019352271104238497,
          0.019304726675050357,
          0.017840021496768416,
          0.017938476713527437,
          0.015916786489079314,
          0.017907306467148686,
          0.019797089520603085,
          0.019270779662898106,
          0.01940027419427399,
          0.01857630907227468,
          0.017802481855315095,
          0.015483195802038087,
          0.0182439955214745,
          0.01755304455509377,
          0.017579859587464438,
          0.018604203357607332,
          0.017659534908698447,
          0.01671560842874813],
 'accuracy': [0.973125,
              0.9725,
              0.976875,
              0.97625,
              0.97875,
              0.98,
              0.97625,
              0.97625,
              0.97625,
              0.97625,
              0.97375,
              0.976875,
              0.97625,
              0.97375,
              0.97375,
              0.973125,
              0.976875,
              0.974375,
              0.97375,
              0.975625,
              0.976875,
              0.97375,
              0.98,
              0.978125,
              0.9775,
              0.9775,
              0.9775,
              0.97375,
              0.97875,
              0.9775,
              0.97375,
              0.98,
              0.97375,
              0.975,
              0.974375,
              0.974375,
              0.97875,
              0.975625,
              0.975,
              0.974375,
              0.975625,
              0.974375,
              0.97625,
              0.978125,
              0.97375,
              0.975625,
              0.975,
              0.975,
              0.976875,
              0.98],
 'mean_acc': 0.97595,
 'mean_msde': 0.018023329025397054}
***Ind***
{'MSDE': [0.025375966672653485,
          0.025855252746035663,
          0.019973416985844466,
          0.023916488071920546,
          0.02144561796784377,
          0.01933941326041466,
          0.02226771880505389,
          0.022261499117122864,
          0.020596116523805105,
          0.020871607018325033,
          0.024762757602874677,
          0.023621763399034625,
          0.023640340581911844,
          0.02552002432469874,
          0.02429639076397623,
          0.026732537221751153,
          0.02272234093101373,
          0.023750543176161813,
          0.02635897919188105,
          0.02314575625245319,
          0.02058489978005894,
          0.024965828756324873,
          0.017958627855799,
          0.018804869124508627,
          0.022551921664386958,
          0.02143871042486757,
          0.02188853197186129,
          0.025702745477250644,
          0.019518129565875023,
          0.021523106348410176,
          0.02474590529806662,
          0.01900849349870643,
          0.025664723724452984,
          0.02537580989464591,
          0.024564518346832667,
          0.022561823260765237,
          0.02010366340174933,
          0.0221147156524636,
          0.02513386914040088,
          0.024305838731478673,
          0.024199993937389346,
          0.024605410256834003,
          0.02202955934357122,
          0.019789381112645915,
          0.024168736789982163,
          0.023678479767368085,
          0.024387217045065045,
          0.02348951663927918,
          0.02187419306232015,
          0.020146517111177226],
 'accuracy': [0.974375,
              0.97375,
              0.98,
              0.975625,
              0.97875,
              0.980625,
              0.9775,
              0.976875,
              0.97875,
              0.97875,
              0.975,
              0.975625,
              0.97625,
              0.974375,
              0.975625,
              0.973125,
              0.976875,
              0.97625,
              0.973125,
              0.976875,
              0.979375,
              0.975,
              0.98125,
              0.98125,
              0.976875,
              0.978125,
              0.978125,
              0.974375,
              0.98,
              0.978125,
              0.975,
              0.980625,
              0.97375,
              0.974375,
              0.974375,
              0.975625,
              0.98,
              0.978125,
              0.974375,
              0.975625,
              0.975625,
              0.975,
              0.978125,
              0.98,
              0.975,
              0.97625,
              0.975,
              0.975625,
              0.978125,
              0.979375],
 'mean_acc': 0.9768124999999999,
 'mean_msde': 0.02286680535198628}
 
Experiment 3: more complex environment, with fewer datapoints - 
***Corr***
{'MSDE': [0.02281500483764408,
          0.02104804258516854,
          0.02152480987585862,
          0.01974426950409128,
          0.021258514796937637,
          0.02372166202690061,
          0.02040031374698438,
          0.022499124741051722,
          0.021812774998311687,
          0.022513324196976013,
          0.020249411116037994,
          0.02229640949460549,
          0.021962245147876706,
          0.022448754134155723,
          0.021540761499818713,
          0.022043272414126687,
          0.022699524765772798,
          0.023161432072506496,
          0.02102848961399607,
          0.021337310545987156,
          0.02113927770598036,
          0.020998978512852085,
          0.020873663064848752,
          0.023085467839744033,
          0.021429722869192636,
          0.02146971504933891,
          0.02356706888727663,
          0.022241082121508854,
          0.022202734784233524,
          0.023099876607595934,
          0.021527368451760853,
          0.02232945942182826,
          0.020651644621936627,
          0.020333475480597763,
          0.02043354390198255,
          0.01998800275831199,
          0.0210040091037623,
          0.021772381108526355,
          0.020987832881640342,
          0.023049181462143294,
          0.019857811600457537,
          0.02227353587327771,
          0.02076678858403154,
          0.022636867981779486,
          0.020802327329212958,
          0.02360282747012139,
          0.020969858267987487,
          0.021819230932143822,
          0.022319598344218924,
          0.02270551234006785],
 'accuracy': [0.97375,
              0.97625,
              0.9775,
              0.978125,
              0.975625,
              0.97375,
              0.978125,
              0.975,
              0.975625,
              0.97375,
              0.979375,
              0.975,
              0.975625,
              0.975625,
              0.97625,
              0.975625,
              0.97375,
              0.976875,
              0.975,
              0.97625,
              0.9775,
              0.979375,
              0.979375,
              0.976875,
              0.976875,
              0.97875,
              0.9775,
              0.974375,
              0.97625,
              0.976875,
              0.975625,
              0.975625,
              0.9775,
              0.980625,
              0.981875,
              0.978125,
              0.9775,
              0.975,
              0.9775,
              0.975,
              0.9775,
              0.97375,
              0.9775,
              0.976875,
              0.979375,
              0.9725,
              0.9775,
              0.976875,
              0.97625,
              0.975],
 'mean_acc': 0.9765625,
 'mean_msde': 0.021720885949463385}
***Ind***
{'MSDE': [0.023369948014232436,
          0.02133216516152086,
          0.020459762057212644,
          0.01923761560704198,
          0.022235131385354344,
          0.02481719596562199,
          0.019609774302823874,
          0.02291909909125283,
          0.02333135357941458,
          0.022850840915704076,
          0.022066840892481458,
          0.025349821603000873,
          0.02252772771269094,
          0.021907294492976924,
          0.022317327659608664,
          0.022626257212937234,
          0.023660617362790178,
          0.02093584799236292,
          0.02234983932558584,
          0.022931863654689116,
          0.022842965652627778,
          0.021387523966142484,
          0.02004990034293332,
          0.021748319309043994,
          0.02134699129115425,
          0.020033401860725202,
          0.02130432801033626,
          0.02356908955298187,
          0.021908228699726418,
          0.02205123287825344,
          0.024211714241892734,
          0.02365194884464505,
          0.020512471212020333,
          0.019611379120955178,
          0.018059108896260233,
          0.02104187967990094,
          0.020910989874080976,
          0.023287273830109784,
          0.022296034727244906,
          0.022727276524877653,
          0.02146843718834578,
          0.024316712497960195,
          0.023016427479280555,
          0.021920973849471174,
          0.01977081343494042,
          0.026777904314943982,
          0.020992059927195425,
          0.022892100983328466,
          0.023157533506754327,
          0.022167300144528154],
 'accuracy': [0.97625,
              0.978125,
              0.978125,
              0.98,
              0.9775,
              0.974375,
              0.98,
              0.976875,
              0.97625,
              0.976875,
              0.976875,
              0.974375,
              0.97625,
              0.9775,
              0.976875,
              0.976875,
              0.975625,
              0.97875,
              0.9775,
              0.97625,
              0.97625,
              0.978125,
              0.97875,
              0.978125,
              0.9775,
              0.979375,
              0.97875,
              0.975625,
              0.9775,
              0.9775,
              0.97375,
              0.975625,
              0.97875,
              0.98,
              0.98125,
              0.9775,
              0.979375,
              0.97625,
              0.9775,
              0.976875,
              0.978125,
              0.975,
              0.97625,
              0.976875,
              0.979375,
              0.973125,
              0.97875,
              0.975625,
              0.97625,
              0.9775],
 'mean_acc': 0.97725,
 'mean_msde': 0.022117372916639306}
"Experiment 4: very hard field" 
***Corr***
{'MSDE': [0.02377825313711454,
          0.02322615769772243,
          0.0235773487917448,
          0.022922199488222997,
          0.024241580837284657,
          0.024186978837379785,
          0.022911495583730283,
          0.023894980946882742,
          0.022407097936244454,
          0.020944361914031023,
          0.02363439039813751,
          0.023445317842216686,
          0.02317484315643016,
          0.023492522600325194,
          0.024545610580322952,
          0.0240892499429598,
          0.02429437999756725,
          0.023407945187505844,
          0.023256642836758393,
          0.02166850595919567,
          0.023568771555581274,
          0.023357552883856016,
          0.02354587567455829,
          0.023137135869074437,
          0.02248403534117425,
          0.023714408812752635,
          0.02446199331654737,
          0.023075238958277025,
          0.023655632804209133,
          0.024062702190360035,
          0.022734956970068353,
          0.024014007487236012,
          0.021889334736440405,
          0.022019336772071803,
          0.024743285961590134,
          0.02293705561780332,
          0.023250940421140977,
          0.02343409167411606,
          0.02297079345442474,
          0.02177772645551536,
          0.024905961047762496,
          0.024893328751604805,
          0.021778004439831165,
          0.024321462268225746,
          0.023141764136537162,
          0.021851020248472883,
          0.023761401619885585,
          0.023411922944661653,
          0.02194279436531245,
          0.022089606882520582],
 'accuracy': [0.9716,
              0.972,
              0.9712,
              0.9724,
              0.9684,
              0.9716,
              0.9724,
              0.9728,
              0.9724,
              0.9764,
              0.9716,
              0.9712,
              0.9748,
              0.9704,
              0.9688,
              0.9712,
              0.9704,
              0.972,
              0.9696,
              0.9728,
              0.9712,
              0.9708,
              0.97,
              0.9712,
              0.9736,
              0.9684,
              0.9688,
              0.97,
              0.9708,
              0.9724,
              0.9708,
              0.9724,
              0.97,
              0.9736,
              0.9704,
              0.9712,
              0.9716,
              0.9696,
              0.9724,
              0.9732,
              0.9704,
              0.9704,
              0.9736,
              0.9704,
              0.97,
              0.9716,
              0.9716,
              0.9712,
              0.9728,
              0.9752],
 'mean_acc': 0.971472,
 'mean_msde': 0.023280640146667787}
***Ind***
{'MSDE': [0.027753598202171964,
          0.02641841867988136,
          0.027505332222211566,
          0.026121003206800355,
          0.027960960093888137,
          0.025405863448425284,
          0.02479346262131347,
          0.02753816360244624,
          0.02537937148742803,
          0.02508452812132371,
          0.027426923219426077,
          0.02842721010928475,
          0.026252455380599598,
          0.028967095146544036,
          0.026478795002920635,
          0.027068712702544614,
          0.027654532486688078,
          0.02844416654512562,
          0.026005991542591648,
          0.024166433477651184,
          0.027989172080342586,
          0.02627167487640544,
          0.027746473200894583,
          0.027847341206443343,
          0.02697658546974137,
          0.02824215856298938,
          0.029301418266199072,
          0.028851622479001544,
          0.02601976077819803,
          0.02733989949070729,
          0.025750625871893914,
          0.026771685690764525,
          0.026197076555792204,
          0.02455996695602389,
          0.028255489498556902,
          0.025165697077577077,
          0.02657144459063681,
          0.027001546418599302,
          0.02426507015892134,
          0.02571267729900884,
          0.028013860996322394,
          0.029046342608429164,
          0.024458968479748898,
          0.02865498489875942,
          0.026582703746761752,
          0.025082144773550544,
          0.028316181340780962,
          0.026463613066896714,
          0.02610842042508392,
          0.021320617951611043],
 'accuracy': [0.9716,
              0.9728,
              0.9716,
              0.9728,
              0.9708,
              0.974,
              0.9744,
              0.9708,
              0.9744,
              0.974,
              0.9716,
              0.9708,
              0.9724,
              0.97,
              0.9728,
              0.9716,
              0.972,
              0.9704,
              0.9724,
              0.9744,
              0.9712,
              0.9724,
              0.9716,
              0.9712,
              0.9724,
              0.97,
              0.97,
              0.9692,
              0.972,
              0.9716,
              0.9732,
              0.972,
              0.9724,
              0.9748,
              0.9708,
              0.9748,
              0.9724,
              0.972,
              0.9752,
              0.9728,
              0.9708,
              0.97,
              0.9752,
              0.9708,
              0.972,
              0.974,
              0.9708,
              0.9728,
              0.9724,
              0.978],
 'mean_acc': 0.972288,
 'mean_msde': 0.026714764842318172}
"Experiment 5: extra hard field" 
***Corr***
{'MSDE': [0.03197435134902086,
          0.030723165483713104,
          0.030182031345282155,
          0.03175876070364141,
          0.029727388391984834,
          0.031068434683957504,
          0.03209988676238389,
          0.030480704552321457,
          0.030514757921326283,
          0.030384536331100997,
          0.031674324745291554,
          0.03237572753250921,
          0.030379508269259156,
          0.0309982795354491,
          0.03204785847927097,
          0.03218824782815713,
          0.03220090819458022,
          0.029956382029795735,
          0.030460372872066398,
          0.03283266047399634,
          0.031171988748388755,
          0.031214149248013183,
          0.03200146749515787,
          0.03151360517772554,
          0.03068897535033883,
          0.031129755106404287,
          0.031108649748612948,
          0.03059640198046746,
          0.0311229845264618,
          0.030979812330658284,
          0.030395265194686043,
          0.03081315650410354,
          0.0312601668739373,
          0.03091399009884722,
          0.030651611009739718,
          0.031521129638993305,
          0.03092739720311824,
          0.03312977610268098,
          0.03157201070829764,
          0.030577505070675613,
          0.03197151246540396,
          0.031203788025767606,
          0.030802942468270863,
          0.031093538104997227,
          0.030236738522263027,
          0.03212149155335587,
          0.03129981101548544,
          0.0312881949382446,
          0.031370486232369675,
          0.029710974897100395],
 'accuracy': [0.9616,
              0.9608,
              0.9612,
              0.962,
              0.962,
              0.9608,
              0.9616,
              0.9604,
              0.962,
              0.9616,
              0.9624,
              0.9604,
              0.9616,
              0.9616,
              0.9612,
              0.9612,
              0.9608,
              0.9616,
              0.9612,
              0.96,
              0.9612,
              0.9616,
              0.9612,
              0.9612,
              0.9612,
              0.9608,
              0.9616,
              0.9612,
              0.962,
              0.96,
              0.9616,
              0.9608,
              0.9616,
              0.9604,
              0.9612,
              0.9616,
              0.962,
              0.9608,
              0.9608,
              0.9616,
              0.9608,
              0.9616,
              0.9616,
              0.9612,
              0.9612,
              0.962,
              0.9604,
              0.9616,
              0.9608,
              0.9628],
 'mean_acc': 0.961288,
 'mean_msde': 0.031168351276513507}
***Ind***
{'MSDE': [0.037976465145359635,
          0.03727755474538916,
          0.03749977693736073,
          0.03756922596751057,
          0.03647309631098599,
          0.03757845384136515,
          0.037648543978474364,
          0.03806167266740074,
          0.03576472544230461,
          0.03721506094599909,
          0.035950042913120914,
          0.03775636796087382,
          0.03588902054669362,
          0.03724192585402213,
          0.03719719051112302,
          0.0371140604837648,
          0.03704894771909908,
          0.036369702483601135,
          0.03609061152246803,
          0.03911852331925174,
          0.03832949945892389,
          0.03723513696310174,
          0.0381800555759247,
          0.037236654094922085,
          0.03698152684323803,
          0.03778704296392142,
          0.03676084777267588,
          0.03676690761815127,
          0.03803740300598804,
          0.038827027304646995,
          0.03619631080246802,
          0.03819286222082074,
          0.0387279107937823,
          0.0382191833941901,
          0.03656645947600075,
          0.03679452629388712,
          0.03767484961988319,
          0.03786000570637341,
          0.03878882139740355,
          0.03788663903636813,
          0.03782495166673326,
          0.03773803014848788,
          0.036034558886073695,
          0.03715944336619389,
          0.03699211373508475,
          0.0374865030939545,
          0.03871837924965947,
          0.03832688506240689,
          0.03785608786114248,
          0.03676925932502719],
 'accuracy': [0.9616,
              0.962,
              0.962,
              0.9624,
              0.9632,
              0.962,
              0.962,
              0.9612,
              0.9632,
              0.9616,
              0.9632,
              0.962,
              0.9632,
              0.962,
              0.962,
              0.962,
              0.9628,
              0.9628,
              0.9628,
              0.9608,
              0.9612,
              0.9624,
              0.9612,
              0.9624,
              0.962,
              0.962,
              0.9628,
              0.9632,
              0.9616,
              0.9608,
              0.964,
              0.9612,
              0.9608,
              0.9616,
              0.9632,
              0.9624,
              0.9612,
              0.9616,
              0.9604,
              0.9612,
              0.962,
              0.962,
              0.9636,
              0.962,
              0.9628,
              0.9624,
              0.9608,
              0.9612,
              0.9616,
              0.9628],
 'mean_acc': 0.9620639999999999,
 'mean_msde': 0.03741593704067207}
